**Greedy Agent: Start Tile (3, 5)**

S 0.2
U 0.2
S 0.7
L 0.7
S 1.2

0.0, 0.5, 0.8, 0.1, 0.1
0.1, 0.0, 0.5 [0] 0
0.3, 0.5, 0.4, 0.3, 0
0.3, 0.1, 0.7, 0.8, 0.2
0.0, 0.0, 0.2, 0.8, 0.3
0.0, 0.0, 0.0, 0.5, 0.1
0.0, 0.0, 0.0, 0.5, 0.1
0.0, 0.0, 0.0, 0.2, 0.0

L 1.2
S 1.7
U 1.7
S 2.5
L 2.5

0.0 [0.5] 0, 0.1, 0.1
0.1, 0.0, 0, 0, 0
0.3, 0.5, 0.4, 0.3, 0
0.3, 0.1, 0.7, 0.8, 0.2
0.0, 0.0, 0.2, 0.8, 0.3
0.0, 0.0, 0.0, 0.5, 0.1
0.0, 0.0, 0.0, 0.5, 0.1
0.0, 0.0, 0.0, 0.2, 0.0

S 3.0
R 3.0
R 3.0
S 3.1
R 3.1

0.0, 0, 0, 0 [0.1]
0.1, 0.0, 0, 0, 0
0.3, 0.5, 0.4, 0.3, 0
0.3, 0.1, 0.7, 0.8, 0.2
0.0, 0.0, 0.2, 0.8, 0.3
0.0, 0.0, 0.0, 0.5, 0.1
0.0, 0.0, 0.0, 0.5, 0.1
0.0, 0.0, 0.0, 0.2, 0.0

S 3.2
L 3.2
L 3.2
L 3.2
D 3.2

0.0, 0, 0, 0, 0
0.1 [0.0] 0, 0, 0
0.3, 0.5, 0.4, 0.3, 0
0.3, 0.1, 0.7, 0.8, 0.2
0.0, 0.0, 0.2, 0.8, 0.3
0.0, 0.0, 0.0, 0.5, 0.1
0.0, 0.0, 0.0, 0.5, 0.1
0.0, 0.0, 0.0, 0.2, 0.0

D 3.2
S 3.7
R 3.7
S 4.1
D 4.1

0.0, 0, 0, 0, 0
0.1, 0.0, 0, 0, 0
0.3, 0, 0, 0.3, 0
0.3, 0.1 [0.7] 0.8, 0.2
0.0, 0.0, 0.2, 0.8, 0.3
0.0, 0.0, 0.0, 0.5, 0.1
0.0, 0.0, 0.0, 0.5, 0.1
0.0, 0.0, 0.0, 0.2, 0.0

S 4.8
R 4.8
S 5.6
D 5.6
S 6.4

0.0, 0, 0, 0, 0
0.1, 0.0, 0, 0, 0
0.3, 0, 0, 0.3, 0
0.3, 0.1, 0, 0, 0.2
0.0, 0.0, 0.2 [0] 0.3
0.0, 0.0, 0.0, 0.5, 0.1
0.0, 0.0, 0.0, 0.5, 0.1
0.0, 0.0, 0.0, 0.2, 0.0

**Greedy Agent: Start Tile (7, 1)**

U 0
D 0
R 0
R 0
R 0

0.0, 0.5, 0.8, 0.1, 0.1
0.1, 0.0, 0.5, 0.5, 0.5
0.3, 0.5, 0.4, 0.3, 0.2
0.3, 0.1, 0.7, 0.8, 0.2
0.0, 0.0, 0.2, 0.8, 0.3
0.0, 0.0, 0.0, 0.5, 0.1
0.0, 0.0, 0.0 [0.5] 0.1
0.0, 0.0, 0.0, 0.2, 0.0

S 0.5
U 0.5
S 1.0
U 1.0
S 1.8

0.0, 0.5, 0.8, 0.1, 0.1
0.1, 0.0, 0.5, 0.5, 0.5
0.3, 0.5, 0.4, 0.3, 0.2
0.3, 0.1, 0.7, 0.8, 0.2
0.0, 0.0, 0.2 [0] 0.3
0.0, 0.0, 0.0, 0, 0.1
0.0, 0.0, 0.0, 0, 0.1
0.0, 0.0, 0.0, 0.2, 0.0

U 1.8
S 2.6
L 2.6
S 3.3
U 3.3

0.0, 0.5, 0.8, 0.1, 0.1
0.1, 0.0, 0.5, 0.5, 0.5
0.3, 0.5 [0.4] 0.3, 0.2
0.3, 0.1, 0, 0, 0.2
0.0, 0.0, 0.2, 0, 0.3
0.0, 0.0, 0.0, 0, 0.1
0.0, 0.0, 0.0, 0, 0.1
0.0, 0.0, 0.0, 0.2, 0.0

S 3.7
L 3.7
S 4.2
L 4.2
S 4.5

0.0, 0.5, 0.8, 0.1, 0.1
0.1, 0.0, 0.5, 0.5, 0.5
 [0] 0, 0, 0.3, 0.2
0.3, 0.1, 0, 0, 0.2
0.0, 0.0, 0.2, 0, 0.3
0.0, 0.0, 0.0, 0, 0.1
0.0, 0.0, 0.0, 0, 0.1
0.0, 0.0, 0.0, 0.2, 0.0

D 4.5
S 4.8
R 4.8
S 4.9
U 4.9

0.0, 0.5, 0.8, 0.1, 0.1
0.1, 0.0, 0.5, 0.5, 0.5
0 [0] 0, 0.3, 0.2
0, 0, 0, 0, 0.2
0.0, 0.0, 0.2, 0, 0.3
0.0, 0.0, 0.0, 0, 0.1
0.0, 0.0, 0.0, 0, 0.1
0.0, 0.0, 0.0, 0.2, 0.0

R 4.9
U 4.9
S 5.4
U 5.4
S 6.2

0.0, 0.5 [0] 0.1, 0.1
0.1, 0.0, 0, 0.5, 0.5
0, 0, 0, 0.3, 0.2
0, 0, 0, 0, 0.2
0.0, 0.0, 0.2, 0, 0.3
0.0, 0.0, 0.0, 0, 0.1
0.0, 0.0, 0.0, 0, 0.1
0.0, 0.0, 0.0, 0.2, 0.0