**Simple Reflex Agent: Start Tile (3, 5)**

S 0.2
L 0.2
S 0.5
R 0.5
U 0.5

0.0, 0.5, 0.8, 0.1, 0.1  
0.1, 0.0, 0.5, 0.5 [0.5] 
0.3, 0.5, 0.4, 0, 0      
0.3, 0.1, 0.7, 0.8, 0.2  
0.0, 0.0, 0.2, 0.8, 0.3  
0.0, 0.0, 0.0, 0.5, 0.1  
0.0, 0.0, 0.0, 0.5, 0.1  
0.0, 0.0, 0.0, 0.2, 0.0  

S 1.0
D 1.0
D 1.0
S 1.2
D 1.2

0.0, 0.5, 0.8, 0.1, 0.1
0.1, 0.0, 0.5, 0.5, 0
0.3, 0.5, 0.4, 0, 0
0.3, 0.1, 0.7, 0.8, 0
0.0, 0.0, 0.2, 0.8 [0.3]
0.0, 0.0, 0.0, 0.5, 0.1
0.0, 0.0, 0.0, 0.5, 0.1
0.0, 0.0, 0.0, 0.2, 0.0

S 1.5
D 1.5
S 1.6
L 1.6
S 2.1

0.0, 0.5, 0.8, 0.1, 0.1
0.1, 0.0, 0.5, 0.5, 0
0.3, 0.5, 0.4, 0, 0
0.3, 0.1, 0.7, 0.8, 0
0.0, 0.0, 0.2, 0.8, 0
0.0, 0.0, 0.0 [0] 0
0.0, 0.0, 0.0, 0.5, 0.1
0.0, 0.0, 0.0, 0.2, 0.0

R 2.1
D 2.1
S 2.2
D 2.2
U 2.2

0.0, 0.5, 0.8, 0.1, 0.1
0.1, 0.0, 0.5, 0.5, 0
0.3, 0.5, 0.4, 0, 0
0.3, 0.1, 0.7, 0.8, 0
0.0, 0.0, 0.2, 0.8, 0
0.0, 0.0, 0.0, 0, 0
0.0, 0.0, 0.0, 0.5 [0]
0.0, 0.0, 0.0, 0.2, 0.0

L 2.2
S 2.7
R 2.7
U 2.7
D 2.7

0.0, 0.5, 0.8, 0.1, 0.1
0.1, 0.0, 0.5, 0.5, 0
0.3, 0.5, 0.4, 0, 0
0.3, 0.1, 0.7, 0.8, 0
0.0, 0.0, 0.2, 0.8, 0
0.0, 0.0, 0.0, 0, 0
0.0, 0.0, 0.0, 0 [0]
0.0, 0.0, 0.0, 0.2, 0.0

L 2.7
D 2.7
S 2.9
R 2.9
L 2.9

0.0, 0.5, 0.8, 0.1, 0.1
0.1, 0.0, 0.5, 0.5, 0
0.3, 0.5, 0.4, 0, 0
0.3, 0.1, 0.7, 0.8, 0
0.0, 0.0, 0.2, 0.8, 0
0.0, 0.0, 0.0, 0, 0
0.0, 0.0, 0.0, 0, 0
0.0, 0.0, 0.0 [0] 0.0

**Simple Reflex Agent: Start Tile (7, 1)**

R 0
U 0
R 0
D 0
D 0

0.0, 0.5, 0.8, 0.1, 0.1
0.1, 0.0, 0.5, 0.5, 0.5
0.3, 0.5, 0.4, 0.3, 0.2
0.3, 0.1, 0.7, 0.8, 0.2
0.0, 0.0, 0.2, 0.8, 0.3
0.0, 0.0, 0.0, 0.5, 0.1
0.0, 0.0, 0.0, 0.5, 0.1
0.0, 0.0 [0.0] 0.2, 0.0

L 0
R 0
R 0
S 0.2
R 0.2

0.0, 0.5, 0.8, 0.1, 0.1
0.1, 0.0, 0.5, 0.5, 0.5
0.3, 0.5, 0.4, 0.3, 0.2
0.3, 0.1, 0.7, 0.8, 0.2
0.0, 0.0, 0.2, 0.8, 0.3
0.0, 0.0, 0.0, 0.5, 0.1
0.0, 0.0, 0.0, 0.5, 0.1
0.0, 0.0, 0.0, 0 [0.0]

U 0.2
S 0.3
L 0.3
S 0.8
R 0.8

0.0, 0.5, 0.8, 0.1, 0.1
0.1, 0.0, 0.5, 0.5, 0.5
0.3, 0.5, 0.4, 0.3, 0.2
0.3, 0.1, 0.7, 0.8, 0.2
0.0, 0.0, 0.2, 0.8, 0.3
0.0, 0.0, 0.0, 0.5, 0.1
0.0, 0.0, 0.0, 0 [0]
0.0, 0.0, 0.0, 0, 0.0

U 0.8
S 0.9
D 0.9
L 0.9
D 0.9

0.0, 0.5, 0.8, 0.1, 0.1
0.1, 0.0, 0.5, 0.5, 0.5
0.3, 0.5, 0.4, 0.3, 0.2
0.3, 0.1, 0.7, 0.8, 0.2
0.0, 0.0, 0.2, 0.8, 0.3
0.0, 0.0, 0.0, 0.5, 0
0.0, 0.0, 0.0, 0, 0
0.0, 0.0, 0.0 [0] 0.0

R 0.9
L 0.9
L 0.9
U 0.9
L 0.9

0.0, 0.5, 0.8, 0.1, 0.1
0.1, 0.0, 0.5, 0.5, 0.5
0.3, 0.5, 0.4, 0.3, 0.2
0.3, 0.1, 0.7, 0.8, 0.2
0.0, 0.0, 0.2, 0.8, 0.3
0.0, 0.0, 0.0, 0.5, 0
0.0 [0.0] 0.0, 0, 0
0.0, 0.0, 0.0, 0, 0.0

L 0.9
D 0.9
U 0.9
R 0.9
D 0.9

0.0, 0.5, 0.8, 0.1, 0.1
0.1, 0.0, 0.5, 0.5, 0.5
0.3, 0.5, 0.4, 0.3, 0.2
0.3, 0.1, 0.7, 0.8, 0.2
0.0, 0.0, 0.2, 0.8, 0.3
0.0, 0.0, 0.0, 0.5, 0
0.0, 0.0, 0.0, 0, 0
0.0 [0.0] 0.0, 0, 0.0